100
4 2
5 2
6 2
1000 1000
1000 1
500000 127
350337 273069
624528 499793
832022 733962
999999 262143
1000000 474543
500000 137163
500000 499999
346906 307929
865843 665647
751012 725611
638669 574023
500000 131072
500000 250000
950938 748118
1000000 524288
710075 578179
352359 319331
532010 440168
999999 999998
336771 262021
312569 289654
3 1
715453 548464
914917 778052
999999 127
4 1
447951 394241
999999 475711
1000000 2
1 1
500000 1
500000 2
942942 718455
3 2
323193 287371
252186 193318
999999 999999
1000000 475713
1000000 262144
873138 837280
999999 2
1000000 500000
999999 499998
1000000 475712
354486 334530
316796 284840
1000000 128
1000000 499999
500000 237856
500000 253098
1000000 999999
1000000 524287
1000000 1
1000000 127
500000 262143
999999 478782
1000000 504258
566702 524183
525238 498755
999999 524288
500000 237857
751918 579782
500000 131071
1000000 262143
1000000 499998
510381 403747
999999 499997
500000 500000
942419 888567
577879 560054
500000 249998
980495 799941
510483 473623
371208 369285
1000000 1000000
911631 838803
999999 128
500000 262144
500000 249999
999999 524287
2 1
999999 268556
999999 262144
978285 768908
999999 475712
999999 1
999999 499999
911303 704432
500000 128
967883 941360
5 1
604676 485732
2 2
898206 824422
